1	0
2	1
3	2
4	3
5	4
6	5
7	6
8	7
9	8
10	9
11	10
12	11
13	12
14	13
15	14
16	15
17	16
18	17
19	18
20	19
21	20
22	21
23	22
24	23
25	24
26	25
27	26
28	27
29	28
30	29
31	30
32	31
33	32
34	33
35	34
36	35
37	36
38	37
39	38
40	39
41	40
42	41
43	42
44	43
45	44
46	45
47	46
48	47
49	48
50	49
51	50
52	51
53	52
54	53
55	54
56	55
57	56
58	57
59	58
60	59
61	60
62	61
63	62
64	63
65	64
66	65
67	66
68	67
69	68
70	69
71	70
72	71
73	72
74	73
75	74
76	75
77	76
78	77
79	78
80	79
81	80
82	81
83	82
84	83
85	84
86	85
87	86
88	87
89	88
90	89
91	90
92	91
93	92
94	93
95	94
96	95
97	96
98	97
99	98
100	99
101	100
102	101
103	102
104	103
105	104
106	105
107	106
108	107
109	108
110	109
111	110
112	111
113	112
114	113
115	114
116	115
117	116
118	117
119	118
120	119
121	120
122	121
123	122
124	123
125	124
126	125
127	126
128	127
129	128
130	129
131	130
132	131
133	132
134	133
135	134
136	135
137	136
138	137
139	138
140	139
141	140
142	141
143	142
144	143
145	144
146	145
147	146
148	147
149	148
150	149
151	150
152	151
153	152
154	153
155	154
156	155
157	156
158	157
159	158
160	159
161	160
162	161
163	162
164	163
165	164
166	165
167	166
168	167
169	168
170	169
171	170
172	171
173	172
174	173
175	174
176	175
177	176
178	177
179	178
180	179
181	180
182	181
183	182
184	183
185	184
186	185
187	186
188	187
189	188
190	189
191	190
192	191
193	192
194	193
195	194
196	195
197	196
198	197
199	198
200	199
201	200
202	201
203	202
204	203
205	204
206	205
207	206
208	207
209	208
210	209
211	210
212	211
213	212
214	213
215	214
216	215
217	216
218	217
219	218
220	219
221	220
222	221
223	222
224	223
225	224
226	225
227	226
228	227
229	228
230	229
231	230
232	231
233	232
234	233
235	234
236	235
237	236
238	237
239	238
240	239
241	240
242	241
243	242
244	243
245	244
246	245
247	246
248	247
249	248
250	249
251	250
252	251
253	252
254	253
255	254
256	255
257	256
258	257
259	258
260	259
261	260
262	261
263	262
264	263
265	264
266	265
267	266
268	267
269	268
270	269
271	270
272	271
273	272
274	273
275	274
276	275
277	276
278	277
279	278
280	279
281	280
282	281
283	282
284	283
285	284
286	285
287	286
288	287
289	288
290	289
291	290
292	291
293	292
294	293
295	294
296	295
297	296
298	297
299	298
300	299
301	300
302	301
303	302
304	303
305	304
306	305
307	306
308	307
309	308
310	309
311	310
312	311
313	312
314	313
315	314
316	315
317	316
318	317
319	318
320	319
321	320
322	321
323	322
324	323
325	324
326	325
327	326
328	327
329	328
330	329
331	330
332	331
333	332
334	333
335	334
336	335
337	336
338	337
339	338
340	339
341	340
342	341
343	342
344	343
345	344
346	345
347	346
348	347
349	348
350	349
351	350
352	351
353	352
354	353
355	354
356	355
357	356
358	357
359	358
360	359
361	360
362	361
363	362
364	363
365	364
366	365
367	366
368	367
369	368
370	369
371	370
372	371
373	372
374	373
375	374
376	375
377	376
378	377
379	378
380	379
381	380
382	381
383	382
384	383
385	384
386	385
387	386
388	387
389	388
390	389
391	390
392	391
393	392
394	393
395	394
396	395
397	396
398	397
399	398
400	399
401	400
402	401
403	402
404	403
405	404
406	405
407	406
408	407
409	408
410	409
411	410
412	411
413	412
414	413
415	414
416	415
417	416
418	417
419	418
420	419
421	420
422	421
423	422
424	423
425	424
426	425
427	426
428	427
429	428
430	429
431	430
432	431
433	432
434	433
435	434
436	435
437	436
438	437
439	438
440	439
441	440
442	441
443	442
444	443
445	444
446	445
447	446
448	447
449	448
450	449
451	450
452	451
453	452
454	453
455	454
456	455
457	456
458	457
459	458
460	459
461	460
462	461
463	462
464	463
465	464
466	465
467	466
468	467
469	468
470	469
471	470
472	471
473	472
474	473
475	474
476	475
477	476
478	477
479	478
480	479
481	480
482	481
483	482
484	483
485	484
486	485
487	486
488	487
489	488
490	489
491	490
492	491
493	492
494	493
495	494
496	495
497	496
498	497
499	498
500	499
501	500
502	501
503	502
504	503
505	504
506	505
507	506
508	507
509	508
510	509
511	510
512	511
513	512
514	513
515	514
516	515
517	516
518	517
519	518
520	519
521	520
522	521
523	522
524	523
525	524
526	525
527	526
528	527
529	528
530	529
531	530
532	531
533	532
534	533
535	534
536	535
537	536
538	537
539	538
540	539
541	540
542	541
543	542
544	543
545	544
546	545
547	546
548	547
549	548
550	549
551	550
552	551
553	552
554	553
555	554
556	555
557	556
558	557
559	558
560	559
561	560
562	561
563	562
564	563
565	564
566	565
567	566
568	567
569	568
570	569
571	570
572	571
573	572
574	573
575	574
576	575
577	576
578	577
579	578
580	579
581	580
582	581
583	582
584	583
585	584
586	585
587	586
588	587
589	588
590	589
591	590
592	591
593	592
594	593
595	594
596	595
597	596
598	597
599	598
600	599
601	600
602	601
603	602
604	603
605	604
606	605
607	606
608	607
609	608
610	609
611	610
612	611
613	612
614	613
615	614
616	615
617	616
618	617
619	618
620	619
621	620
622	621
623	622
624	623
625	624
626	625
627	626
628	627
629	628
630	629
631	630
632	631
633	632
634	633
635	634
636	635
637	636
638	637
639	638
640	639
641	640
642	641
643	642
644	643
645	644
646	645
647	646
648	647
649	648
650	649
651	650
652	651
653	652
654	653
655	654
656	655
657	656
658	657
659	658
660	659
661	660
662	661
663	662
664	663
665	664
666	665
667	666
668	667
669	668
670	669
671	670
672	671
673	672
674	673
675	674
676	675
677	676
678	677
679	678
680	679
681	680
682	681
683	682
684	683
685	684
686	685
687	686
688	687
689	688
690	689
691	690
692	691
693	692
694	693
695	694
696	695
697	696
698	697
699	698
700	699
701	700
702	701
703	702
704	703
705	704
706	705
707	706
708	707
709	708
710	709
711	710
712	711
713	712
714	713
715	714
716	715
717	716
718	717
719	718
720	719
721	720
722	721
723	722
724	723
725	724
726	725
727	726
728	727
729	728
730	729
731	730
732	731
733	732
734	733
735	734
736	735
737	736
738	737
739	738
740	739
741	740
742	741
743	742
744	743
745	744
746	745
747	746
748	747
749	748
750	749
751	750
752	751
753	752
754	753
755	754
756	755
757	756
758	757
759	758
760	759
761	760
762	761
763	762
764	763
765	764
766	765
767	766
768	767
769	768
770	769
771	770
772	771
773	772
774	773
775	774
776	775
777	776
778	777
779	778
780	779
781	780
782	781
783	782
784	783
785	784
786	785
787	786
788	787
789	788
790	789
791	790
792	791
793	792
794	793
795	794
796	795
797	796
798	797
799	798
800	799
801	800
802	801
803	802
804	803
805	804
806	805
807	806
808	807
809	808
810	809
811	810
812	811
813	812
814	813
815	814
816	815
817	816
818	817
819	818
820	819
821	820
822	821
823	822
824	823
825	824
826	825
827	826
828	827
829	828
830	829
831	830
832	831
833	832
834	833
835	834
836	835
837	836
838	837
839	838
840	839
841	840
842	841
843	842
844	843
845	844
846	845
847	846
848	847
849	848
850	849
851	850
852	851
853	852
854	853
855	854
856	855
857	856
858	857
859	858
860	859
861	860
862	861
863	862
864	863
865	864
866	865
867	866
868	867
869	868
870	869
871	870
872	871
873	872
874	873
875	874
876	875
877	876
878	877
879	878
880	879
881	880
882	881
883	882
884	883
885	884
886	885
887	886
888	887
889	888
890	889
891	890
892	891
893	892
894	893
895	894
896	895
897	896
898	897
899	898
900	899
901	900
902	901
903	902
904	903
905	904
906	905
907	906
908	907
909	908
910	909
911	910
912	911
913	912
914	913
915	914
916	915
917	916
918	917
919	918
920	919
921	920
922	921
923	922
924	923
925	924
926	925
927	926
928	927
929	928
930	929
931	930
932	931
933	932
934	933
935	934
936	935
937	936
938	937
939	938
940	939
941	940
942	941
943	942
944	943
945	944
946	945
947	946
948	947
949	948
950	949
951	950
952	951
953	952
954	953
955	954
956	955
957	956
958	957
959	958
960	959
961	960
962	961
963	962
964	963
965	964
966	965
967	966
968	967
969	968
970	969
971	970
972	971
973	972
974	973
975	974
976	975
977	976
978	977
979	978
980	979
981	980
982	981
983	982
984	983
985	984
986	985
987	986
988	987
989	988
990	989
991	990
992	991
993	992
994	993
995	994
996	995
997	996
998	997
999	998
1000	999
1001	1000
1002	1001
1003	1002
1004	1003
1005	1004
1006	1005
1007	1006
1008	1007
1009	1008
1010	1009
1011	1010
1012	1011
1013	1012
1014	1013
1015	1014
1016	1015
1017	1016
1018	1017
1019	1018
1020	1019
1021	1020
1022	1021
1023	1022
1024	1023
1025	1024
1026	1025
1027	1026
1028	1027
1029	1028
1030	1029
1031	1030
1032	1031
1033	1032
1034	1033
1035	1034
1036	1035
1037	1036
1038	1037
1039	1038
1040	1039
1041	1040
1042	1041
1043	1042
1044	1043
1045	1044
1046	1045
1047	1046
1048	1047
1049	1048
1050	1049
1051	1050
1052	1051
1053	1052
1054	1053
1055	1054
1056	1055
1057	1056
1058	1057
1059	1058
1060	1059
1061	1060
1062	1061
1063	1062
1064	1063
1065	1064
1066	1065
1067	1066
1068	1067
1069	1068
1070	1069
1071	1070
1072	1071
1073	1072
1074	1073
1075	1074
1076	1075
1077	1076
1078	1077
1079	1078
1080	1079
1081	1080
1082	1081
1083	1082
1084	1083
1085	1084
1086	1085
1087	1086
1088	1087
1089	1088
1090	1089
1091	1090
1092	1091
1093	1092
1094	1093
1095	1094
1096	1095
1097	1096
1098	1097
1099	1098
1100	1099
1101	1100
1102	1101
1103	1102
1104	1103
1105	1104
1106	1105
1107	1106
1108	1107
1109	1108
1110	1109
1111	1110
1112	1111
1113	1112
1114	1113
1115	1114
1116	1115
1117	1116
1118	1117
1119	1118
1120	1119
1121	1120
1122	1121
1123	1122
1124	1123
1125	1124
1126	1125
1127	1126
1128	1127
1129	1128
1130	1129
1131	1130
1132	1131
1133	1132
1134	1133
1135	1134
1136	1135
1137	1136
1138	1137
1139	1138
1140	1139
1141	1140
1142	1141
1143	1142
1144	1143
1145	1144
1146	1145
1147	1146
1148	1147
1149	1148
1150	1149
1151	1150
1152	1151
1153	1152
1154	1153
1155	1154
1156	1155
1157	1156
1158	1157
1159	1158
1160	1159
1161	1160
1162	1161
1163	1162
1164	1163
1165	1164
1166	1165
1167	1166
1168	1167
1169	1168
1170	1169
1171	1170
1172	1171
1173	1172
1174	1173
1175	1174
1176	1175
1177	1176
1178	1177
1179	1178
1180	1179
1181	1180
1182	1181
1183	1182
1184	1183
1185	1184
1186	1185
1187	1186
1188	1187
1189	1188
1190	1189
1191	1190
1192	1191
1193	1192
1194	1193
1195	1194
1196	1195
1197	1196
1198	1197
1199	1198
1200	1199
1201	1200
1202	1201
1203	1202
1204	1203
1205	1204
1206	1205
1207	1206
1208	1207
1209	1208
1210	1209
1211	1210
1212	1211
1213	1212
1214	1213
1215	1214
1216	1215
1217	1216
1218	1217
1219	1218
1220	1219
1221	1220
1222	1221
1223	1222
1224	1223
1225	1224
1226	1225
1227	1226
1228	1227
1229	1228
1230	1229
1231	1230
1232	1231
1233	1232
1234	1233
1235	1234
1236	1235
1237	1236
1238	1237
1239	1238
1240	1239
1241	1240
1242	1241
1243	1242
1244	1243
1245	1244
1246	1245
1247	1246
1248	1247
1249	1248
1250	1249
1251	1250
1252	1251
1253	1252
1254	1253
1255	1254
1256	1255
1257	1256
1258	1257
1259	1258
1260	1259
1261	1260
1262	1261
1263	1262
1264	1263
1265	1264
1266	1265
1267	1266
1268	1267
1269	1268
1270	1269
1271	1270
1272	1271
1273	1272
1274	1273
1275	1274
1276	1275
1277	1276
1278	1277
1279	1278
1280	1279
1281	1280
1282	1281
1283	1282
1284	1283
1285	1284
1286	1285
1287	1286
1288	1287
1289	1288
1290	1289
1291	1290
1292	1291
1293	1292
1294	1293
1295	1294
1296	1295
1297	1296
1298	1297
1299	1298
1300	1299
1301	1300
1302	1301
1303	1302
1304	1303
1305	1304
1306	1305
1307	1306
1308	1307
1309	1308
1310	1309
1311	1310
1312	1311
1313	1312
1314	1313
1315	1314
1316	1315
1317	1316
1318	1317
1319	1318
1320	1319
1321	1320
1322	1321
1323	1322
1324	1323
1325	1324
1326	1325
1327	1326
1328	1327
1329	1328
1330	1329
1331	1330
1332	1331
1333	1332
1334	1333
1335	1334
1336	1335
1337	1336
1338	1337
1339	1338
1340	1339
1341	1340
1342	1341
1343	1342
1344	1343
1345	1344
1346	1345
1347	1346
1348	1347
1349	1348
1350	1349
1351	1350
1352	1351
1353	1352
1354	1353
1355	1354
1356	1355
1357	1356
1358	1357
1359	1358
1360	1359
1361	1360
1362	1361
1363	1362
1364	1363
1365	1364
1366	1365
1367	1366
1368	1367
1369	1368
1370	1369
1371	1370
1372	1371
1373	1372
1374	1373
1375	1374
1376	1375
1377	1376
1378	1377
1379	1378
1380	1379
1381	1380
1382	1381
1383	1382
1384	1383
1385	1384
1386	1385
1387	1386
1388	1387
1389	1388
1390	1389
1391	1390
1392	1391
1393	1392
1394	1393
1395	1394
1396	1395
1397	1396
1398	1397
1399	1398
1400	1399
1401	1400
1402	1401
1403	1402
1404	1403
1405	1404
1406	1405
1407	1406
1408	1407
1409	1408
1410	1409
1411	1410
1412	1411
1413	1412
1414	1413
1415	1414
1416	1415
1417	1416
1418	1417
1419	1418
1420	1419
1421	1420
1422	1421
1423	1422
1424	1423
1425	1424
1426	1425
1427	1426
1428	1427
1429	1428
1430	1429
1431	1430
1432	1431
1433	1432
1434	1433
1435	1434
1436	1435
1437	1436
1438	1437
1439	1438
1440	1439
1441	1440
1442	1441
1443	1442
1444	1443
1445	1444
1446	1445
1447	1446
1448	1447
1449	1448
1450	1449
1451	1450
1452	1451
1453	1452
1454	1453
1455	1454
1456	1455
1457	1456
1458	1457
1459	1458
1460	1459
1461	1460
1462	1461
1463	1462
1464	1463
1465	1464
1466	1465
1467	1466
1468	1467
1469	1468
1470	1469
1471	1470
1472	1471
1473	1472
1474	1473
1475	1474
1476	1475
1477	1476
1478	1477
1479	1478
1480	1479
1481	1480
1482	1481
1483	1482
1484	1483
1485	1484
1486	1485
1487	1486
1488	1487
1489	1488
1490	1489
1491	1490
1492	1491
1493	1492
1494	1493
1495	1494
1496	1495
1497	1496
1498	1497
1499	1498
1500	1499
1501	1500
1502	1501
1503	1502
1504	1503
1505	1504
1506	1505
1507	1506
1508	1507
1509	1508
1510	1509
1511	1510
1512	1511
1513	1512
1514	1513
1515	1514
1516	1515
1517	1516
1518	1517
1519	1518
1520	1519
1521	1520
1522	1521
1523	1522
1524	1523
1525	1524
1526	1525
1527	1526
1528	1527
1529	1528
1530	1529
1531	1530
1532	1531
1533	1532
1534	1533
1535	1534
1536	1535
1537	1536
1538	1537
1539	1538
1540	1539
1541	1540
1542	1541
1543	1542
1544	1543
1545	1544
1546	1545
1547	1546
1548	1547
1549	1548
1550	1549
1551	1550
1552	1551
1553	1552
1554	1553
1555	1554
1556	1555
1557	1556
1558	1557
1559	1558
1560	1559
1561	1560
1562	1561
1563	1562
1564	1563
1565	1564
1566	1565
1567	1566
1568	1567
1569	1568
1570	1569
1571	1570
1572	1571
1573	1572
1574	1573
1575	1574
1576	1575
1577	1576
1578	1577
1579	1578
1580	1579
1581	1580
1582	1581
1583	1582
1584	1583
1585	1584
1586	1585
1587	1586
1588	1587
1589	1588
1590	1589
1591	1590
1592	1591
1593	1592
1594	1593
1595	1594
1596	1595
1597	1596
1598	1597
1599	1598
1600	1599
1601	1600
1602	1601
1603	1602
1604	1603
1605	1604
1606	1605
1607	1606
1608	1607
1609	1608
1610	1609
1611	1610
1612	1611
1613	1612
1614	1613
1615	1614
1616	1615
1617	1616
1618	1617
1619	1618
1620	1619
1621	1620
1622	1621
1623	1622
1624	1623
1625	1624
1626	1625
1627	1626
1628	1627
1629	1628
1630	1629
1631	1630
1632	1631
1633	1632
1634	1633
1635	1634
1636	1635
1637	1636
1638	1637
1639	1638
1640	1639
1641	1640
1642	1641
1643	1642
1644	1643
1645	1644
1646	1645
1647	1646
1648	1647
1649	1648
1650	1649
1651	1650
1652	1651
1653	1652
1654	1653
1655	1654
1656	1655
1657	1656
1658	1657
1659	1658
1660	1659
1661	1660
1662	1661
1663	1662
1664	1663
1665	1664
1666	1665
1667	1666
1668	1667
1669	1668
1670	1669
1671	1670
1672	1671
1673	1672
1674	1673
1675	1674
1676	1675
1677	1676
1678	1677
1679	1678
1680	1679
1681	1680
1682	1681
1683	1682
1684	1683
1685	1684
1686	1685
1687	1686
1688	1687
1689	1688
1690	1689
1691	1690
1692	1691
1693	1692
1694	1693
1695	1694
1696	1695
1697	1696
1698	1697
1699	1698
1700	1699
1701	1700
1702	1701
1703	1702
1704	1703
1705	1704
1706	1705
1707	1706
1708	1707
1709	1708
1710	1709
1711	1710
1712	1711
1713	1712
1714	1713
1715	1714
1716	1715
1717	1716
1718	1717
1719	1718
1720	1719
1721	1720
1722	1721
1723	1722
1724	1723
1725	1724
1726	1725
1727	1726
1728	1727
1729	1728
1730	1729
1731	1730
1732	1731
1733	1732
1734	1733
1735	1734
1736	1735
1737	1736
1738	1737
1739	1738
1740	1739
1741	1740
1742	1741
1743	1742
1744	1743
1745	1744
1746	1745
1747	1746
1748	1747
1749	1748
1750	1749
1751	1750
1752	1751
1753	1752
1754	1753
1755	1754
1756	1755
1757	1756
1758	1757
1759	1758
1760	1759
1761	1760
1762	1761
1763	1762
1764	1763
1765	1764
1766	1765
1767	1766
1768	1767
1769	1768
1770	1769
1771	1770
1772	1771
1773	1772
1774	1773
1775	1774
1776	1775
1777	1776
1778	1777
1779	1778
1780	1779
1781	1780
1782	1781
1783	1782
1784	1783
1785	1784
1786	1785
1787	1786
1788	1787
1789	1788
1790	1789
1791	1790
1792	1791
1793	1792
1794	1793
1795	1794
1796	1795
1797	1796
1798	1797
1799	1798
1800	1799
1801	1800
1802	1801
1803	1802
1804	1803
1805	1804
1806	1805
1807	1806
1808	1807
1809	1808
1810	1809
1811	1810
1812	1811
1813	1812
1814	1813
1815	1814
1816	1815
1817	1816
1818	1817
1819	1818
1820	1819
1821	1820
1822	1821
1823	1822
1824	1823
1825	1824
1826	1825
1827	1826
1828	1827
1829	1828
1830	1829
1831	1830
1832	1831
1833	1832
1834	1833
1835	1834
1836	1835
1837	1836
1838	1837
1839	1838
1840	1839
1841	1840
1842	1841
1843	1842
1844	1843
1845	1844
1846	1845
1847	1846
1848	1847
1849	1848
1850	1849
1851	1850
1852	1851
1853	1852
1854	1853
1855	1854
1856	1855
1857	1856
1858	1857
1859	1858
1860	1859
1861	1860
1862	1861
1863	1862
1864	1863
1865	1864
1866	1865
1867	1866
1868	1867
1869	1868
1870	1869
1871	1870
1872	1871
1873	1872
1874	1873
1875	1874
1876	1875
1877	1876
1878	1877
1879	1878
1880	1879
1881	1880
1882	1881
1883	1882
1884	1883
1885	1884
1886	1885
1887	1886
1888	1887
1889	1888
1890	1889
1891	1890
1892	1891
1893	1892
1894	1893
1895	1894
1896	1895
1897	1896
1898	1897
1899	1898
1900	1899
1901	1900
1902	1901
1903	1902
1904	1903
1905	1904
1906	1905
1907	1906
1908	1907
1909	1908
1910	1909
1911	1910
1912	1911
1913	1912
1914	1913
1915	1914
1916	1915
1917	1916
1918	1917
1919	1918
1920	1919
1921	1920
1922	1921
1923	1922
1924	1923
1925	1924
1926	1925
1927	1926
1928	1927
1929	1928
1930	1929
1931	1930
1932	1931
1933	1932
1934	1933
1935	1934
1936	1935
1937	1936
1938	1937
1939	1938
1940	1939
1941	1940
1942	1941
1943	1942
1944	1943
1945	1944
1946	1945
1947	1946
1948	1947
1949	1948
1950	1949
1951	1950
1952	1951
1953	1952
1954	1953
1955	1954
1956	1955
1957	1956
1958	1957
1959	1958
1960	1959
1961	1960
1962	1961
1963	1962
1964	1963
1965	1964
1966	1965
1967	1966
1968	1967
1969	1968
1970	1969
1971	1970
1972	1971
1973	1972
1974	1973
1975	1974
1976	1975
1977	1976
1978	1977
1979	1978
1980	1979
1981	1980
1982	1981
1983	1982
1984	1983
1985	1984
1986	1985
1987	1986
1988	1987
1989	1988
1990	1989
1991	1990
1992	1991
1993	1992
1994	1993
1995	1994
1996	1995
1997	1996
1998	1997
1999	1998
2000	1999
2001	2000
2002	2001
2003	2002
2004	2003
2005	2004
2006	2005
2007	2006
2008	2007
2009	2008
2010	2009
2011	2010
2012	2011
2013	2012
2014	2013
2015	2014
2016	2015
2017	2016
2018	2017
2019	2018
2020	2019
2021	2020
2022	2021
2023	2022
2024	2023
2025	2024
2026	2025
2027	2026
2028	2027
2029	2028
2030	2029
2031	2030
2032	2031
2033	2032
2034	2033
2035	2034
2036	2035
2037	2036
2038	2037
2039	2038
2040	2039
2041	2040
2042	2041
2043	2042
2044	2043
2045	2044
2046	2045
2047	2046
2048	2047
2049	2048
2050	2049
2051	2050
2052	2051
2053	2052
2054	2053
2055	2054
2056	2055
2057	2056
2058	2057
2059	2058
2060	2059
2061	2060
2062	2061
2063	2062
2064	2063
2065	2064
2066	2065
2067	2066
2068	2067
2069	2068
2070	2069
2071	2070
2072	2071
2073	2072
2074	2073
2075	2074
2076	2075
2077	2076
2078	2077
2079	2078
2080	2079
2081	2080
2082	2081
2083	2082
2084	2083
2085	2084
2086	2085
2087	2086
2088	2087
2089	2088
2090	2089
2091	2090
2092	2091
2093	2092
2094	2093
2095	2094
2096	2095
2097	2096
2098	2097
2099	2098
2100	2099
2101	2100
2102	2101
2103	2102
2104	2103
2105	2104
2106	2105
2107	2106
2108	2107
2109	2108
2110	2109
2111	2110
2112	2111
2113	2112
2114	2113
2115	2114
2116	2115
2117	2116
2118	2117
2119	2118
2120	2119
2121	2120
2122	2121
2123	2122
2124	2123
2125	2124
2126	2125
2127	2126
2128	2127
2129	2128
2130	2129
2131	2130
2132	2131
2133	2132
2134	2133
2135	2134
2136	2135
2137	2136
2138	2137
2139	2138
2140	2139
2141	2140
2142	2141
2143	2142
2144	2143
2145	2144
2146	2145
2147	2146
2148	2147
2149	2148
2150	2149
2151	2150
2152	2151
2153	2152
2154	2153
2155	2154
2156	2155
2157	2156
2158	2157
2159	2158
2160	2159
2161	2160
2162	2161
2163	2162
2164	2163
2165	2164
2166	2165
2167	2166
2168	2167
2169	2168
2170	2169
2171	2170
2172	2171
2173	2172
2174	2173
2175	2174
2176	2175
2177	2176
2178	2177
2179	2178
2180	2179
2181	2180
2182	2181
2183	2182
2184	2183
2185	2184
2186	2185
2187	2186
2188	2187
2189	2188
2190	2189
2191	2190
2192	2191
2193	2192
2194	2193
2195	2194
2196	2195
2197	2196
2198	2197
2199	2198
2200	2199
2201	2200
2202	2201
2203	2202
2204	2203
2205	2204
2206	2205
2207	2206
2208	2207
2209	2208
2210	2209
2211	2210
2212	2211
2213	2212
2214	2213
2215	2214
2216	2215
2217	2216
2218	2217
2219	2218
2220	2219
2221	2220
2222	2221
2223	2222
2224	2223
2225	2224
2226	2225
2227	2226
2228	2227
2229	2228
2230	2229
2231	2230
2232	2231
2233	2232
2234	2233
2235	2234
2236	2235
2237	2236
2238	2237
2239	2238
2240	2239
2241	2240
2242	2241
2243	2242
2244	2243
2245	2244
2246	2245
2247	2246
2248	2247
2249	2248
2250	2249
2251	2250
2252	2251
2253	2252
2254	2253
2255	2254
2256	2255
2257	2256
2258	2257
2259	2258
2260	2259
2261	2260
2262	2261
2263	2262
2264	2263
2265	2264
2266	2265
2267	2266
2268	2267
2269	2268
2270	2269
2271	2270
2272	2271
2273	2272
2274	2273
2275	2274
2276	2275
2277	2276
2278	2277
2279	2278
2280	2279
2281	2280
2282	2281
2283	2282
2284	2283
2285	2284
2286	2285
2287	2286
2288	2287
2289	2288
2290	2289
2291	2290
2292	2291
2293	2292
2294	2293
2295	2294
2296	2295
2297	2296
2298	2297
2299	2298
2300	2299
2301	2300
2302	2301
2303	2302
2304	2303
2305	2304
2306	2305
2307	2306
2308	2307
2309	2308
2310	2309
2311	2310
2312	2311
2313	2312
2314	2313
2315	2314
2316	2315
2317	2316
2318	2317
2319	2318
2320	2319
2321	2320
2322	2321
2323	2322
2324	2323
2325	2324
2326	2325
2327	2326
2328	2327
2329	2328
2330	2329
2331	2330
2332	2331
2333	2332
2334	2333
2335	2334
2336	2335
2337	2336
2338	2337
2339	2338
2340	2339
2341	2340
2342	2341
2343	2342
2344	2343
2345	2344
2346	2345
2347	2346
2348	2347
2349	2348
2350	2349
2351	2350
2352	2351
2353	2352
2354	2353
2355	2354
2356	2355
2357	2356
2358	2357
2359	2358
2360	2359
2361	2360
2362	2361
2363	2362
2364	2363
2365	2364
2366	2365
2367	2366
2368	2367
2369	2368
2370	2369
2371	2370
2372	2371
2373	2372
2374	2373
2375	2374
2376	2375
2377	2376
2378	2377
2379	2378
2380	2379
2381	2380
2382	2381
2383	2382
2384	2383
2385	2384
2386	2385
2387	2386
2388	2387
2389	2388
2390	2389
2391	2390
2392	2391
2393	2392
2394	2393
2395	2394
2396	2395
2397	2396
2398	2397
2399	2398
2400	2399
2401	2400
2402	2401
2403	2402
2404	2403
2405	2404
2406	2405
2407	2406
2408	2407
2409	2408
2410	2409
2411	2410
2412	2411
2413	2412
2414	2413
2415	2414
2416	2415
2417	2416
2418	2417
2419	2418
2420	2419
2421	2420
2422	2421
2423	2422
2424	2423
2425	2424
2426	2425
2427	2426
2428	2427
2429	2428
2430	2429
2431	2430
2432	2431
2433	2432
2434	2433
2435	2434
2436	2435
2437	2436
2438	2437
2439	2438
2440	2439
2441	2440
2442	2441
2443	2442
2444	2443
2445	2444
2446	2445
2447	2446
2448	2447
2449	2448
2450	2449
2451	2450
2452	2451
2453	2452
2454	2453
2455	2454
2456	2455
2457	2456
2458	2457
2459	2458
2460	2459
2461	2460
2462	2461
2463	2462
2464	2463
2465	2464
2466	2465
2467	2466
2468	2467
2469	2468
2470	2469
2471	2470
2472	2471
2473	2472
2474	2473
2475	2474
2476	2475
2477	2476
2478	2477
2479	2478
2480	2479
2481	2480
2482	2481
2483	2482
2484	2483
2485	2484
2486	2485
2487	2486
2488	2487
2489	2488
2490	2489
2491	2490
2492	2491
2493	2492
2494	2493
2495	2494
2496	2495
2497	2496
2498	2497
2499	2498
2500	2499
2501	2500
2502	2501
2503	2502
2504	2503
2505	2504
2506	2505
2507	2506
2508	2507
2509	2508
2510	2509
2511	2510
2512	2511
2513	2512
2514	2513
2515	2514
2516	2515
2517	2516
2518	2517
2519	2518
2520	2519
2521	2520
2522	2521
2523	2522
2524	2523
2525	2524
2526	2525
2527	2526
2528	2527
2529	2528
2530	2529
2531	2530
2532	2531
2533	2532
2534	2533
2535	2534
2536	2535
2537	2536
2538	2537
2539	2538
2540	2539
2541	2540
2542	2541
2543	2542
2544	2543
2545	2544
2546	2545
2547	2546
2548	2547
2549	2548
2550	2549
2551	2550
2552	2551
2553	2552
2554	2553
2555	2554
2556	2555
2557	2556
2558	2557
2559	2558
2560	2559
2561	2560
2562	2561
2563	2562
2564	2563
2565	2564
2566	2565
2567	2566
2568	2567
2569	2568
2570	2569
2571	2570
2572	2571
2573	2572
2574	2573
2575	2574
2576	2575
2577	2576
2578	2577
2579	2578
2580	2579
2581	2580
2582	2581
2583	2582
2584	2583
2585	2584
2586	2585
2587	2586
2588	2587
2589	2588
2590	2589
2591	2590
2592	2591
2593	2592
2594	2593
2595	2594
2596	2595
2597	2596
2598	2597
2599	2598
2600	2599
2601	2600
2602	2601
2603	2602
2604	2603
2605	2604
2606	2605
2607	2606
2608	2607
2609	2608
2610	2609
2611	2610
2612	2611
2613	2612
2614	2613
2615	2614
2616	2615
2617	2616
2618	2617
2619	2618
2620	2619
2621	2620
2622	2621
2623	2622
2624	2623
2625	2624
2626	2625
2627	2626
2628	2627
2629	2628
2630	2629
2631	2630
2632	2631
2633	2632
2634	2633
2635	2634
2636	2635
2637	2636
2638	2637
2639	2638
2640	2639
2641	2640
2642	2641
2643	2642
2644	2643
2645	2644
2646	2645
2647	2646
2648	2647
2649	2648
2650	2649
2651	2650
2652	2651
2653	2652
2654	2653
2655	2654
2656	2655
2657	2656
2658	2657
2659	2658
2660	2659
2661	2660
2662	2661
2663	2662
2664	2663
2665	2664
2666	2665
2667	2666
2668	2667
2669	2668
2670	2669
2671	2670
2672	2671
2673	2672
2674	2673
2675	2674
2676	2675
2677	2676
2678	2677
2679	2678
2680	2679
2681	2680
2682	2681
2683	2682
2684	2683
2685	2684
2686	2685
2687	2686
2688	2687
2689	2688
2690	2689
2691	2690
2692	2691
2693	2692
2694	2693
2695	2694
2696	2695
2697	2696
2698	2697
2699	2698
2700	2699
2701	2700
2702	2701
2703	2702
2704	2703
2705	2704
2706	2705
2707	2706
2708	2707
2709	2708
2710	2709
2711	2710
2712	2711
2713	2712
2714	2713
2715	2714
2716	2715
2717	2716
2718	2717
2719	2718
2720	2719
2721	2720
2722	2721
2723	2722
2724	2723
2725	2724
2726	2725
2727	2726
2728	2727
2729	2728
2730	2729
2731	2730
2732	2731
2733	2732
2734	2733
2735	2734
2736	2735
2737	2736
2738	2737
2739	2738
2740	2739
2741	2740
2742	2741
2743	2742
2744	2743
2745	2744
2746	2745
2747	2746
2748	2747
2749	2748
2750	2749
2751	2750
2752	2751
2753	2752
2754	2753
2755	2754
2756	2755
2757	2756
2758	2757
2759	2758
2760	2759
2761	2760
2762	2761
2763	2762
2764	2763
2765	2764
2766	2765
2767	2766
2768	2767
2769	2768
2770	2769
2771	2770
2772	2771
2773	2772
2774	2773
2775	2774
2776	2775
2777	2776
2778	2777
2779	2778
2780	2779
2781	2780
2782	2781
2783	2782
2784	2783
2785	2784
2786	2785
2787	2786
2788	2787
2789	2788
2790	2789
2791	2790
2792	2791
2793	2792
2794	2793
2795	2794
2796	2795
2797	2796
2798	2797
2799	2798
2800	2799
2801	2800
2802	2801
2803	2802
2804	2803
2805	2804
2806	2805
2807	2806
2808	2807
2809	2808
2810	2809
2811	2810
2812	2811
2813	2812
2814	2813
2815	2814
2816	2815
2817	2816
2818	2817
2819	2818
2820	2819
2821	2820
2822	2821
2823	2822
2824	2823
2825	2824
2826	2825
2827	2826
2828	2827
2829	2828
2830	2829
2831	2830
2832	2831
2833	2832
2834	2833
2835	2834
2836	2835
2837	2836
2838	2837
2839	2838
2840	2839
2841	2840
2842	2841
2843	2842
2844	2843
2845	2844
2846	2845
2847	2846
2848	2847
2849	2848
2850	2849
2851	2850
2852	2851
2853	2852
2854	2853
2855	2854
2856	2855
2857	2856
2858	2857
2859	2858
2860	2859
2861	2860
2862	2861
2863	2862
2864	2863
2865	2864
2866	2865
2867	2866
2868	2867
2869	2868
2870	2869
2871	2870
2872	2871
2873	2872
2874	2873
2875	2874
2876	2875
2877	2876
2878	2877
2879	2878
2880	2879
2881	2880
2882	2881
2883	2882
2884	2883
2885	2884
2886	2885
2887	2886
2888	2887
2889	2888
2890	2889
2891	2890
2892	2891
2893	2892
2894	2893
2895	2894
2896	2895
2897	2896
2898	2897
2899	2898
2900	2899
2901	2900
2902	2901
2903	2902
2904	2903
2905	2904
2906	2905
2907	2906
2908	2907
2909	2908
2910	2909
2911	2910
2912	2911
2913	2912
2914	2913
2915	2914
2916	2915
2917	2916
2918	2917
2919	2918
2920	2919
2921	2920
2922	2921
2923	2922
2924	2923
2925	2924
2926	2925
2927	2926
2928	2927
2929	2928
2930	2929
2931	2930
2932	2931
2933	2932
2934	2933
2935	2934
2936	2935
2937	2936
2938	2937
2939	2938
2940	2939
2941	2940
2942	2941
2943	2942
2944	2943
2945	2944
2946	2945
2947	2946
2948	2947
2949	2948
2950	2949
2951	2950
2952	2951
2953	2952
2954	2953
2955	2954
2956	2955
2957	2956
2958	2957
2959	2958
2960	2959
2961	2960
2962	2961
2963	2962
2964	2963
2965	2964
2966	2965
2967	2966
2968	2967
2969	2968
2970	2969
2971	2970
2972	2971
2973	2972
2974	2973
2975	2974
2976	2975
2977	2976
2978	2977
2979	2978
2980	2979
2981	2980
2982	2981
2983	2982
2984	2983
2985	2984
2986	2985
2987	2986
2988	2987
2989	2988
2990	2989
2991	2990
2992	2991
2993	2992
2994	2993
2995	2994
2996	2995
2997	2996
2998	2997
2999	2998
3000	2999
3001	3000
3002	3001
3003	3002
3004	3003
3005	3004
3006	3005
3007	3006
3008	3007
3009	3008
3010	3009
3011	3010
3012	3011
3013	3012
3014	3013
3015	3014
3016	3015
3017	3016
3018	3017
3019	3018
3020	3019
3021	3020
3022	3021
3023	3022
3024	3023
3025	3024
3026	3025
3027	3026
3028	3027
3029	3028
3030	3029
3031	3030
3032	3031
3033	3032
3034	3033
3035	3034
3036	3035
3037	3036
3038	3037
3039	3038
3040	3039
3041	3040
3042	3041
3043	3042
3044	3043
3045	3044
3046	3045
3047	3046
3048	3047
3049	3048
3050	3049
3051	3050
3052	3051
3053	3052
3054	3053
3055	3054
3056	3055
3057	3056
3058	3057
3059	3058
3060	3059
3061	3060
3062	3061
3063	3062
3064	3063
3065	3064
3066	3065
3067	3066
3068	3067
3069	3068
3070	3069
3071	3070
3072	3071
3073	3072
3074	3073
3075	3074
3076	3075
3077	3076
3078	3077
3079	3078
3080	3079
3081	3080
3082	3081
3083	3082
3084	3083
3085	3084
3086	3085
3087	3086
3088	3087
3089	3088
3090	3089
3091	3090
3092	3091
3093	3092
3094	3093
3095	3094
3096	3095
3097	3096
3098	3097
3099	3098
3100	3099
3101	3100
3102	3101
3103	3102
3104	3103
3105	3104
3106	3105
3107	3106
3108	3107
3109	3108
3110	3109
3111	3110
3112	3111
3113	3112
3114	3113
3115	3114
3116	3115
3117	3116
3118	3117
3119	3118
3120	3119
3121	3120
3122	3121
3123	3122
3124	3123
3125	3124
3126	3125
3127	3126
3128	3127
3129	3128
3130	3129
3131	3130
3132	3131
3133	3132
3134	3133
3135	3134
3136	3135
3137	3136
3138	3137
3139	3138
3140	3139
3141	3140
3142	3141
3143	3142
3144	3143
3145	3144
3146	3145
3147	3146
3148	3147
3149	3148
3150	3149
3151	3150
3152	3151
3153	3152
3154	3153
3155	3154
3156	3155
3157	3156
3158	3157
3159	3158
3160	3159
3161	3160
3162	3161
3163	3162
3164	3163
3165	3164
3166	3165
3167	3166
3168	3167
3169	3168
3170	3169
3171	3170
3172	3171
3173	3172
3174	3173
3175	3174
3176	3175
3177	3176
3178	3177
3179	3178
3180	3179
3181	3180
3182	3181
3183	3182
3184	3183
3185	3184
3186	3185
3187	3186
3188	3187
3189	3188
3190	3189
3191	3190
3192	3191
3193	3192
3194	3193
3195	3194
3196	3195
3197	3196
3198	3197
3199	3198
3200	3199
3201	3200
3202	3201
3203	3202
3204	3203
3205	3204
3206	3205
3207	3206
3208	3207
3209	3208
3210	3209
3211	3210
3212	3211
3213	3212
3214	3213
3215	3214
3216	3215
3217	3216
3218	3217
3219	3218
3220	3219
3221	3220
3222	3221
3223	3222
3224	3223
3225	3224
3226	3225
3227	3226
3228	3227
3229	3228
3230	3229
3231	3230
3232	3231
3233	3232
3234	3233
3235	3234
3236	3235
3237	3236
3238	3237
3239	3238
3240	3239
3241	3240
3242	3241
3243	3242
3244	3243
3245	3244
3246	3245
3247	3246
3248	3247
3249	3248
3250	3249
3251	3250
3252	3251
3253	3252
3254	3253
3255	3254
3256	3255
3257	3256
3258	3257
3259	3258
3260	3259
3261	3260
3262	3261
3263	3262
3264	3263
3265	3264
3266	3265
3267	3266
3268	3267
3269	3268
3270	3269
3271	3270
3272	3271
3273	3272
3274	3273
3275	3274
3276	3275
3277	3276
3278	3277
3279	3278
3280	3279
3281	3280
3282	3281
3283	3282
3284	3283
3285	3284
3286	3285
3287	3286
3288	3287
3289	3288
3290	3289
3291	3290
3292	3291
3293	3292
3294	3293
3295	3294
3296	3295
3297	3296
3298	3297
3299	3298
3300	3299
3301	3300
3302	3301
3303	3302
3304	3303
3305	3304
3306	3305
3307	3306
3308	3307
3309	3308
3310	3309
3311	3310
3312	3311
3313	3312
3314	3313
3315	3314
3316	3315
3317	3316
3318	3317
3319	3318
3320	3319
3321	3320
3322	3321
3323	3322
3324	3323
3325	3324
3326	3325
3327	3326
3328	3327
3329	3328
3330	3329
3331	3330
3332	3331
3333	3332
3334	3333
3335	3334
3336	3335
3337	3336
3338	3337
3339	3338
3340	3339
3341	3340
3342	3341
3343	3342
3344	3343
3345	3344
3346	3345
3347	3346
3348	3347
3349	3348
3350	3349
3351	3350
3352	3351
3353	3352
3354	3353
3355	3354
3356	3355
3357	3356
3358	3357
3359	3358
3360	3359
3361	3360
3362	3361
3363	3362
3364	3363
3365	3364
3366	3365
3367	3366
3368	3367
3369	3368
3370	3369
3371	3370
3372	3371
3373	3372
3374	3373
3375	3374
3376	3375
3377	3376
3378	3377
3379	3378
3380	3379
3381	3380
3382	3381
3383	3382
3384	3383
3385	3384
3386	3385
3387	3386
3388	3387
3389	3388
3390	3389
3391	3390
3392	3391
3393	3392
3394	3393
3395	3394
3396	3395
3397	3396
3398	3397
3399	3398
3400	3399
3401	3400
3402	3401
3403	3402
3404	3403
3405	3404
3406	3405
3407	3406
3408	3407
3409	3408
3410	3409
3411	3410
3412	3411
3413	3412
3414	3413
3415	3414
3416	3415
3417	3416
3418	3417
3419	3418
3420	3419
3421	3420
3422	3421
3423	3422
3424	3423
3425	3424
3426	3425
3427	3426
3428	3427
3429	3428
3430	3429
3431	3430
3432	3431
3433	3432
3434	3433
3435	3434
3436	3435
3437	3436
3438	3437
3439	3438
3440	3439
3441	3440
3442	3441
3443	3442
3444	3443
3445	3444
3446	3445
3447	3446
3448	3447
3449	3448
3450	3449
3451	3450
3452	3451
3453	3452
3454	3453
3455	3454
3456	3455
3457	3456
3458	3457
3459	3458
3460	3459
3461	3460
3462	3461
3463	3462
3464	3463
3465	3464
3466	3465
3467	3466
3468	3467
3469	3468
3470	3469
3471	3470
3472	3471
3473	3472
3474	3473
3475	3474
3476	3475
3477	3476
3478	3477
3479	3478
3480	3479
3481	3480
3482	3481
3483	3482
3484	3483
3485	3484
3486	3485
3487	3486
3488	3487
3489	3488
3490	3489
3491	3490
3492	3491
3493	3492
3494	3493
3495	3494
3496	3495
3497	3496
3498	3497
3499	3498
3500	3499
3501	3500
3502	3501
3503	3502
3504	3503
3505	3504
3506	3505
3507	3506
3508	3507
3509	3508
3510	3509
3511	3510
3512	3511
3513	3512
3514	3513
3515	3514
3516	3515
3517	3516
3518	3517
3519	3518
3520	3519
3521	3520
3522	3521
3523	3522
3524	3523
3525	3524
3526	3525
3527	3526
3528	3527
3529	3528
3530	3529
3531	3530
3532	3531
3533	3532
3534	3533
3535	3534
3536	3535
3537	3536
3538	3537
3539	3538
3540	3539
3541	3540
3542	3541
3543	3542
3544	3543
3545	3544
3546	3545
3547	3546
3548	3547
3549	3548
3550	3549
3551	3550
3552	3551
3553	3552
3554	3553
3555	3554
3556	3555
3557	3556
3558	3557
3559	3558
3560	3559
3561	3560
3562	3561
3563	3562
3564	3563
3565	3564
3566	3565
3567	3566
3568	3567
3569	3568
3570	3569
3571	3570
3572	3571
3573	3572
3574	3573
3575	3574
3576	3575
3577	3576
3578	3577
3579	3578
3580	3579
3581	3580
3582	3581
3583	3582
3584	3583
3585	3584
3586	3585
3587	3586
3588	3587
3589	3588
3590	3589
3591	3590
3592	3591
3593	3592
3594	3593
3595	3594
3596	3595
3597	3596
3599	3597
3600	3598
3601	3599
3602	3600
3603	3601
3604	3602
3605	3603
3606	3604
3607	3605
3608	3606
3609	3607
3610	3608
3611	3609
3612	3610
3613	3611
3614	3612
3615	3613
3616	3614
3617	3615
3618	3616
3619	3617
3620	3618
3621	3619
3622	3620
3623	3621
3624	3622
3625	3623
3626	3624
3627	3625
3628	3626
3629	3627
3630	3628
3631	3629
3632	3630
3633	3631
3634	3632
3635	3633
3636	3634
3637	3635
3638	3636
3639	3637
3640	3638
3641	3639
3642	3640
3643	3641
3644	3642
3645	3643
3646	3644
3647	3645
3648	3646
3649	3647
3650	3648
3651	3649
3652	3650
3653	3651
3654	3652
3655	3653
3656	3654
3657	3655
3658	3656
3659	3657
3660	3658
3661	3659
3662	3660
3663	3661
3664	3662
3665	3663
3666	3664
3667	3665
3668	3666
3669	3667
3670	3668
3671	3669
3672	3670
3673	3671
3674	3672
3675	3673
3676	3674
3677	3675
3678	3676
3679	3677
3680	3678
3681	3679
3682	3680
3683	3681
3684	3682
3685	3683
3686	3684
3687	3685
3688	3686
3689	3687
3690	3688
3691	3689
3692	3690
3693	3691
3694	3692
3695	3693
3696	3694
3697	3695
3698	3696
3699	3697
3700	3698
3701	3699
3702	3700
3703	3701
3704	3702
3705	3703
3706	3704
3707	3705
3708	3706
3709	3707
3710	3708
3711	3709
3712	3710
3713	3711
3714	3712
3715	3713
3716	3714
3717	3715
3718	3716
3719	3717
3720	3718
3721	3719
3722	3720
3723	3721
3724	3722
3725	3723
3726	3724
3727	3725
3728	3726
3729	3727
3730	3728
3731	3729
3732	3730
3733	3731
3734	3732
3735	3733
3736	3734
3737	3735
3738	3736
3739	3737
3740	3738
3741	3739
3742	3740
3743	3741
3744	3742
3745	3743
3746	3744
3747	3745
3748	3746
3749	3747
3750	3748
3751	3749
3752	3750
3753	3751
3754	3752
3755	3753
3756	3754
3757	3755
3758	3756
3759	3757
3760	3758
3761	3759
3762	3760
3763	3761
3764	3762
3765	3763
3766	3764
3767	3765
3768	3766
3769	3767
3770	3768
3771	3769
3772	3770
3773	3771
3774	3772
3775	3773
3776	3774
3777	3775
3778	3776
3779	3777
3780	3778
3781	3779
3782	3780
3783	3781
3784	3782
3785	3783
3786	3784
3787	3785
3788	3786
3789	3787
3790	3788
3791	3789
3792	3790
3793	3791
3794	3792
3795	3793
3796	3794
3797	3795
3798	3796
3799	3797
3800	3798
3801	3799
3802	3800
3803	3801
3804	3802
3805	3803
3806	3804
3807	3805
3808	3806
3809	3807
3810	3808
3811	3809
3812	3810
3813	3811
3814	3812
3815	3813
3816	3814
3817	3815
3818	3816
3819	3817
3820	3818
3821	3819
3822	3820
3823	3821
3824	3822
3825	3823
3826	3824
3827	3825
3828	3826
3829	3827
3830	3828
3831	3829
3832	3830
3833	3831
3834	3832
3835	3833
3836	3834
3837	3835
3838	3836
3839	3837
3840	3838
3841	3839
3842	3840
3843	3841
3844	3842
3845	3843
3846	3844
3847	3845
3848	3846
3849	3847
3850	3848
3851	3849
3852	3850
3853	3851
3854	3852
3855	3853
3856	3854
3857	3855
3858	3856
3859	3857
3860	3858
3861	3859
3862	3860
3863	3861
3864	3862
3865	3863
3866	3864
3867	3865
3868	3866
3869	3867
3870	3868
3871	3869
3872	3870
3873	3871
3874	3872
3875	3873
3876	3874
3877	3875
3878	3876
3879	3877
3880	3878
3881	3879
3882	3880
3883	3881
3884	3882
3885	3883
3886	3884
3887	3885
3888	3886
3889	3887
3890	3888
3891	3889
3892	3890
3893	3891
3894	3892
3895	3893
3896	3894
3897	3895
3898	3896
3899	3897
3900	3898
3901	3899
3902	3900
3903	3901
3904	3902
3905	3903
3906	3904
3907	3905
3908	3906
3909	3907
3910	3908
3911	3909
3912	3910
3913	3911
3914	3912
3915	3913
3916	3914
3917	3915
3918	3916
3919	3917
3920	3918
3921	3919
3922	3920
3923	3921
3924	3922
3925	3923
3926	3924
3927	3925
3928	3926
3929	3927
3930	3928
3931	3929
3932	3930
3933	3931
3934	3932
3935	3933
3936	3934
3937	3935
3938	3936
3939	3937
3940	3938
3941	3939
3942	3940
3943	3941
3944	3942
3945	3943
3946	3944
3947	3945
3948	3946
3949	3947
3950	3948
3951	3949
3952	3950
3953	3951
3954	3952
3955	3953
3956	3954
3957	3955
3958	3956
3959	3957
3960	3958
3961	3959
3962	3960
3963	3961
3964	3962
3965	3963
3966	3964
3967	3965
3968	3966
3969	3967
3970	3968
3971	3969
3972	3970
3973	3971
3974	3972
3975	3973
3976	3974
3977	3975
3978	3976
3979	3977
3980	3978
3981	3979
3982	3980
3983	3981
3984	3982
3985	3983
3986	3984
3987	3985
3988	3986
3989	3987
3990	3988
3991	3989
3992	3990
3993	3991
3994	3992
3995	3993
3996	3994
3997	3995
3998	3996
3999	3997
4000	3998
4001	3999
4002	4000
4003	4001
4004	4002
4005	4003
4006	4004
4007	4005
4008	4006
4009	4007
4010	4008
4011	4009
4012	4010
4013	4011
4014	4012
4015	4013
4016	4014
4017	4015
4018	4016
4019	4017
4020	4018
4021	4019
4022	4020
4023	4021
4024	4022
4025	4023
4026	4024
4027	4025
4028	4026
4029	4027
4030	4028
4031	4029
4032	4030
4033	4031
4034	4032
4035	4033
4036	4034
4037	4035
4038	4036
4039	4037
4040	4038
4041	4039
4042	4040
4043	4041
4044	4042
4045	4043
4046	4044
4047	4045
4048	4046
4049	4047
4050	4048
4051	4049
4052	4050
4053	4051
4054	4052
4055	4053
4056	4054
4057	4055
4058	4056
4059	4057
4060	4058
4061	4059
4062	4060
4063	4061
4064	4062
4065	4063
4066	4064
4067	4065
4068	4066
4069	4067
4070	4068
4071	4069
4072	4070
4073	4071
4074	4072
4075	4073
4076	4074
4077	4075
4078	4076
4079	4077
4080	4078
4081	4079
4082	4080
4083	4081
4084	4082
4085	4083
4086	4084
4087	4085
4088	4086
4089	4087
4090	4088
4091	4089
4092	4090
4093	4091
4094	4092
4095	4093
4096	4094
4097	4095
4098	4096
4099	4097
4100	4098
4101	4099
4102	4100
4103	4101
4104	4102
4105	4103
4106	4104
4107	4105
4108	4106
4109	4107
4110	4108
4111	4109
4112	4110
4113	4111
4114	4112
4115	4113
4116	4114
4117	4115
4118	4116
4119	4117
4120	4118
4121	4119
4122	4120
4123	4121
4124	4122
4125	4123
4126	4124
4127	4125
4128	4126
4129	4127
4130	4128
4131	4129
4132	4130
4133	4131
4134	4132
4135	4133
4136	4134
4137	4135
4138	4136
4139	4137
4140	4138
4141	4139
4142	4140
4143	4141
4144	4142
4145	4143
4146	4144
4147	4145
4148	4146
4149	4147
4150	4148
4151	4149
4152	4150
4153	4151
4154	4152
4155	4153
4156	4154
4157	4155
4158	4156
4159	4157
4160	4158
4161	4159
4162	4160
4163	4161
4164	4162
4165	4163
4166	4164
4167	4165
4168	4166
4169	4167
4170	4168
4171	4169
4172	4170
4173	4171
4174	4172
4175	4173
4176	4174
4177	4175
4178	4176
4179	4177
4180	4178
4181	4179
4182	4180
4183	4181
4184	4182
4185	4183
4186	4184
4187	4185
4188	4186
4189	4187
4190	4188
4191	4189
4192	4190
4193	4191
4194	4192
4195	4193
4196	4194
4197	4195
4198	4196
4199	4197
4200	4198
4201	4199
4202	4200
4203	4201
4204	4202
4205	4203
4206	4204
4207	4205
4208	4206
4209	4207
4210	4208
4211	4209
4212	4210
4213	4211
4214	4212
4215	4213
4216	4214
4217	4215
4218	4216
4219	4217
4220	4218
4221	4219
4222	4220
4223	4221
4224	4222
4225	4223
4226	4224
4227	4225
4228	4226
4229	4227
4230	4228
4231	4229
4232	4230
4233	4231
4234	4232
4235	4233
4236	4234
4237	4235
4238	4236
4239	4237
4240	4238
4241	4239
4242	4240
4243	4241
4244	4242
4245	4243
4246	4244
4247	4245
4248	4246
4249	4247
4250	4248
4251	4249
4252	4250
4253	4251
4254	4252
4255	4253
4256	4254
4257	4255
4258	4256
4259	4257
4260	4258
4261	4259
4262	4260
4263	4261
4264	4262
4265	4263
4266	4264
4267	4265
4268	4266
4269	4267
4270	4268
4271	4269
4272	4270
4273	4271
4274	4272
4275	4273
4276	4274
4277	4275
4278	4276
4279	4277
4280	4278
4281	4279
4282	4280
4283	4281
4284	4282
4285	4283
4286	4284
4287	4285
4288	4286
4289	4287
4290	4288
4291	4289
4292	4290
4293	4291
4294	4292
4295	4293
4296	4294
4297	4295
4298	4296
4299	4297
4300	4298
4301	4299
4302	4300
4303	4301
4304	4302
4305	4303
4306	4304
4307	4305
4308	4306
4309	4307
4310	4308
4311	4309
4312	4310
4313	4311
4314	4312
4315	4313
4316	4314
4317	4315
4318	4316
4319	4317
4320	4318
4321	4319
4322	4320
4323	4321
4324	4322
4325	4323
4326	4324
4327	4325
4328	4326
4329	4327
4330	4328
4331	4329
4332	4330
4333	4331
4334	4332
4335	4333
4336	4334
4337	4335
4338	4336
4339	4337
4340	4338
4341	4339
4342	4340
4343	4341
4344	4342
4345	4343
4346	4344
4347	4345
4348	4346
4349	4347
4350	4348
4351	4349
4352	4350
4353	4351
4354	4352
4355	4353
4356	4354
4357	4355
4358	4356
4359	4357
4360	4358
4361	4359
4362	4360
4363	4361
4364	4362
4365	4363
4366	4364
4367	4365
4368	4366
4369	4367
4370	4368
4371	4369
4372	4370
4373	4371
4374	4372
4375	4373
4376	4374
4377	4375
4378	4376
4379	4377
4380	4378
4381	4379
4382	4380
4383	4381
4384	4382
4385	4383
4386	4384
4387	4385
4388	4386
4389	4387
4390	4388
4391	4389
4392	4390
4393	4391
4394	4392
4395	4393
4396	4394
4397	4395
4398	4396
4399	4397
4400	4398
4401	4399
4402	4400
4403	4401
4404	4402
4405	4403
4406	4404
4407	4405
4408	4406
4409	4407
4410	4408
4411	4409
4412	4410
4413	4411
4414	4412
4415	4413
4416	4414
4417	4415
4418	4416
4419	4417
4420	4418
4421	4419
4422	4420
4423	4421
4424	4422
4425	4423
4426	4424
4427	4425
4428	4426
4429	4427
4430	4428
4431	4429
4432	4430
4433	4431
4434	4432
4435	4433
4436	4434
4437	4435
4438	4436
4439	4437
4440	4438
4441	4439
4442	4440
4443	4441
4444	4442
4445	4443
4446	4444
4447	4445
4448	4446
4449	4447
4450	4448
4451	4449
4452	4450
4453	4451
4454	4452
4455	4453
4456	4454
4457	4455
4458	4456
4459	4457
4460	4458
4461	4459
4462	4460
4463	4461
4464	4462
4465	4463
4466	4464
4467	4465
4468	4466
4469	4467
4470	4468
4471	4469
4472	4470
4473	4471
4474	4472
4475	4473
4476	4474
4477	4475
4478	4476
4479	4477
4480	4478
4481	4479
4482	4480
4483	4481
4484	4482
4485	4483
4487	4484
4488	4485
4489	4486
4490	4487
4491	4488
4492	4489
4493	4490
4494	4491
4495	4492
4496	4493
4497	4494
4498	4495
4499	4496
4500	4497
4501	4498
4502	4499
4503	4500
4504	4501
4505	4502
4506	4503
4507	4504
4508	4505
4509	4506
4510	4507
4511	4508
4512	4509
4513	4510
4514	4511
4515	4512
4516	4513
4517	4514
4518	4515
4519	4516
4520	4517
4521	4518
4522	4519
4523	4520
4524	4521
4525	4522
4526	4523
4527	4524
4528	4525
4529	4526
4530	4527
4531	4528
4532	4529
4533	4530
4534	4531
4535	4532
4536	4533
4537	4534
4538	4535
4539	4536
4540	4537
4541	4538
4542	4539
4543	4540
4544	4541
4545	4542
4546	4543
4547	4544
4548	4545
4549	4546
4550	4547
4551	4548
4552	4549
4553	4550
4554	4551
4555	4552
4556	4553
4557	4554
4558	4555
4559	4556
4560	4557
4561	4558
4562	4559
4563	4560
4564	4561
4565	4562
4566	4563
4567	4564
4568	4565
4569	4566
4570	4567
4571	4568
4572	4569
4573	4570
4574	4571
4575	4572
4576	4573
4577	4574
4578	4575
4579	4576
4580	4577
4581	4578
4582	4579
4583	4580
4584	4581
4585	4582
4586	4583
4587	4584
4588	4585
4589	4586
4590	4587
4591	4588
4592	4589
4593	4590
4594	4591
4595	4592
4596	4593
4597	4594
4598	4595
4599	4596
4600	4597
4601	4598
4602	4599
4603	4600
4604	4601
4605	4602
4606	4603
4607	4604
4608	4605
4609	4606
4610	4607
4611	4608
4612	4609
4613	4610
4614	4611
4615	4612
4616	4613
4617	4614
4618	4615
4619	4616
4620	4617
4621	4618
4622	4619
4623	4620
4624	4621
4625	4622
4626	4623
4627	4624
4628	4625
4629	4626
4630	4627
4631	4628
4632	4629
4633	4630
4634	4631
4635	4632
4637	4633
4638	4634
4639	4635
4640	4636
4641	4637
4642	4638
4643	4639
4644	4640
4645	4641
4646	4642
4647	4643
4648	4644
4649	4645
4650	4646
4651	4647
4652	4648
4653	4649
4654	4650
4655	4651
4656	4652
4657	4653
4658	4654
4659	4655
4660	4656
4661	4657
4662	4658
4663	4659
4664	4660
4665	4661
4666	4662
4667	4663
4668	4664
4669	4665
4670	4666
4671	4667
4672	4668
4673	4669
4674	4670
4675	4671
4676	4672
4677	4673
4678	4674
4679	4675
4680	4676
4681	4677
4682	4678
4683	4679
4684	4680
4685	4681
4686	4682
4687	4683
4688	4684
4689	4685
4690	4686
4691	4687
4692	4688
4693	4689
4694	4690
4695	4691
4696	4692
4697	4693
4698	4694
4699	4695
4700	4696
4701	4697
4702	4698
4703	4699
4704	4700
4705	4701
4706	4702
4707	4703
4708	4704
4709	4705
4710	4706
4711	4707
4712	4708
4713	4709
4714	4710
4715	4711
4716	4712
4717	4713
4718	4714
4719	4715
4720	4716
4721	4717
4722	4718
4723	4719
4724	4720
4725	4721
4726	4722
4727	4723
4728	4724
4729	4725
4730	4726
4731	4727
4732	4728
4733	4729
4734	4730
4735	4731
4736	4732
4737	4733
4738	4734
4739	4735
4740	4736
4741	4737
4742	4738
4743	4739
4744	4740
4745	4741
4746	4742
4747	4743
4748	4744
4749	4745
4750	4746
4751	4747
4752	4748
4753	4749
4754	4750
4755	4751
4756	4752
4757	4753
4758	4754
4759	4755
4760	4756
4761	4757
4762	4758
4763	4759
4764	4760
4765	4761
4766	4762
4767	4763
4768	4764
4769	4765
4770	4766
4771	4767
4772	4768
4773	4769
4774	4770
4775	4771
4776	4772
4777	4773
4778	4774
4779	4775
4780	4776
4781	4777
4782	4778
4783	4779
4784	4780
4785	4781
4786	4782
4787	4783
4788	4784
4789	4785
4790	4786
4791	4787
4792	4788
4793	4789
4794	4790
4795	4791
4796	4792
4797	4793
4798	4794
4799	4795
4800	4796
4801	4797
4802	4798
4803	4799
4804	4800
4805	4801
4806	4802
4807	4803
4808	4804
4809	4805
4810	4806
4811	4807
4812	4808
4813	4809
4814	4810
4815	4811
4816	4812
4817	4813
4818	4814
4819	4815
4820	4816
4821	4817
4822	4818
4823	4819
4824	4820
4825	4821
4826	4822
4827	4823
4828	4824
4829	4825
4830	4826
4831	4827
4832	4828
4833	4829
4834	4830
4835	4831
4836	4832
4837	4833
4838	4834
4839	4835
4840	4836
4841	4837
4842	4838
4843	4839
4844	4840
4845	4841
4846	4842
4847	4843
4848	4844
4849	4845
4850	4846
4851	4847
4852	4848
4853	4849
4854	4850
4855	4851
4856	4852
4857	4853
4858	4854
4859	4855
4860	4856
4861	4857
4862	4858
4863	4859
4864	4860
4865	4861
4866	4862
4867	4863
4868	4864
4869	4865
4870	4866
4871	4867
4872	4868
4873	4869
4874	4870
4875	4871
4876	4872
4877	4873
4878	4874
4879	4875
4880	4876
4881	4877
4882	4878
4883	4879
4884	4880
4885	4881
4886	4882
4887	4883
4888	4884
4889	4885
4890	4886
4891	4887
4892	4888
4893	4889
4894	4890
4895	4891
4896	4892
4897	4893
4898	4894
4899	4895
4900	4896
4901	4897
4902	4898
4903	4899
4904	4900
4905	4901
4906	4902
4907	4903
4908	4904
4909	4905
4910	4906
4911	4907
4912	4908
4913	4909
4914	4910
4915	4911
4916	4912
4917	4913
4918	4914
4919	4915
4920	4916
4921	4917
4922	4918
4923	4919
4924	4920
4925	4921
4926	4922
4927	4923
4928	4924
4929	4925
4930	4926
4931	4927
4932	4928
4933	4929
4934	4930
4935	4931
4936	4932
4937	4933
4938	4934
4939	4935
4940	4936
4941	4937
4942	4938
4943	4939
4944	4940
4945	4941
4946	4942
4947	4943
4948	4944
4949	4945
4950	4946
4951	4947
4952	4948
4953	4949
4954	4950
4955	4951
4956	4952
4957	4953
4958	4954
4959	4955
4960	4956
4961	4957
4962	4958
4963	4959
4964	4960
4965	4961
4966	4962
4967	4963
4968	4964
4969	4965
4970	4966
4971	4967
4972	4968
4973	4969
4974	4970
4975	4971
4976	4972
4977	4973
4978	4974
4979	4975
4980	4976
4981	4977
4982	4978
4983	4979
4984	4980
4985	4981
4986	4982
4987	4983
4988	4984
4989	4985
4990	4986
4991	4987
4992	4988
4993	4989
4994	4990
4995	4991
4996	4992
4997	4993
4998	4994
4999	4995
5000	4996
5001	4997
5002	4998
5003	4999
5004	5000
5005	5001
5006	5002
5007	5003
5008	5004
5009	5005
5010	5006
5011	5007
5012	5008
5013	5009
5014	5010
5015	5011
5016	5012
5017	5013
5018	5014
5019	5015
5020	5016
5021	5017
5022	5018
5023	5019
5024	5020
5025	5021
5026	5022
5027	5023
5028	5024
5029	5025
5030	5026
5031	5027
5032	5028
5033	5029
5034	5030
5035	5031
5036	5032
5037	5033
5038	5034
5039	5035
5040	5036
5041	5037
5042	5038
5043	5039
5044	5040
5045	5041
5046	5042
5047	5043
5048	5044
5049	5045
5050	5046
5051	5047
5052	5048
5053	5049
5054	5050
5055	5051
5056	5052
5057	5053
5058	5054
5059	5055
5060	5056
5061	5057
5062	5058
5063	5059
5064	5060
5065	5061
5066	5062
5067	5063
5068	5064
5069	5065
5070	5066
5071	5067
5072	5068
5073	5069
5074	5070
5075	5071
5076	5072
5077	5073
5078	5074
5079	5075
5080	5076
5081	5077
5082	5078
5083	5079
5084	5080
5085	5081
5086	5082
5087	5083
5088	5084
5089	5085
5090	5086
5091	5087
5092	5088
5093	5089
5094	5090
5095	5091
5096	5092
5097	5093
5098	5094
5099	5095
5100	5096
5101	5097
5102	5098
5103	5099
5104	5100
5105	5101
5106	5102
5107	5103
5108	5104
5109	5105
5110	5106
5111	5107
5112	5108
5113	5109
5114	5110
5115	5111
5116	5112
5117	5113
5118	5114
5119	5115
5120	5116
5121	5117
5122	5118
5123	5119
5124	5120
5125	5121
5126	5122
5127	5123
5128	5124
5129	5125
5130	5126
5131	5127
5132	5128
5133	5129
5134	5130
5135	5131
5136	5132
5137	5133
5138	5134
5139	5135
5140	5136
5141	5137
5142	5138
5143	5139
5144	5140
5145	5141
5146	5142
5147	5143
5148	5144
5149	5145
5150	5146
5151	5147
5152	5148
5153	5149
5154	5150
5155	5151
5156	5152
5157	5153
5158	5154
5159	5155
5160	5156
5161	5157
5162	5158
5163	5159
5164	5160
5165	5161
5166	5162
5167	5163
5168	5164
5169	5165
5170	5166
5171	5167
5172	5168
5173	5169
5174	5170
5175	5171
5176	5172
5177	5173
5178	5174
5179	5175
5180	5176
5181	5177
5182	5178
5183	5179
5184	5180
5185	5181
5186	5182
5187	5183
5188	5184
5189	5185
5190	5186
5191	5187
5192	5188
5193	5189
5194	5190
5195	5191
5196	5192
5197	5193
5198	5194
5199	5195
5200	5196
5201	5197
5202	5198
5203	5199
5204	5200
5205	5201
5206	5202
5207	5203
5208	5204
5209	5205
5210	5206
5211	5207
5212	5208
5213	5209
5214	5210
5215	5211
5216	5212
5217	5213
5218	5214
5219	5215
5220	5216
5221	5217
5222	5218
5223	5219
5224	5220
5225	5221
5226	5222
5227	5223
5228	5224
5229	5225
5230	5226
5231	5227
5232	5228
5233	5229
5234	5230
5235	5231
5236	5232
5237	5233
5238	5234
5239	5235
5240	5236
5241	5237
5242	5238
5243	5239
5244	5240
5245	5241
5246	5242
5247	5243
5248	5244
5249	5245
5250	5246
5251	5247
5252	5248
5253	5249
5254	5250
5255	5251
5256	5252
5257	5253
5258	5254
5259	5255
5260	5256
5261	5257
5262	5258
5263	5259
5264	5260
5265	5261
5266	5262
5267	5263
5268	5264
5269	5265
5270	5266
5271	5267
5272	5268
5273	5269
5274	5270
5275	5271
5276	5272
5277	5273
5278	5274
5279	5275
5280	5276
5281	5277
5282	5278
5283	5279
5284	5280
5285	5281
5286	5282
5287	5283
5288	5284
5289	5285
5290	5286
5291	5287
5292	5288
5293	5289
5294	5290
5295	5291
5296	5292
5297	5293
5298	5294
5299	5295
5300	5296
5301	5297
5302	5298
5303	5299
5304	5300
5305	5301
5306	5302
5307	5303
5308	5304
5309	5305
5310	5306
5311	5307
5312	5308
5313	5309
5314	5310
5315	5311
5316	5312
5317	5313
5318	5314
5319	5315
5320	5316
5321	5317
5322	5318
5323	5319
5324	5320
5325	5321
5326	5322
5327	5323
5328	5324
5329	5325
5330	5326
5331	5327
5332	5328
5333	5329
5334	5330
5335	5331
5336	5332
5337	5333
5338	5334
5339	5335
5340	5336
5341	5337
5342	5338
5343	5339
5344	5340
5345	5341
5346	5342
5347	5343
5348	5344
5349	5345
5350	5346
5351	5347
5352	5348
5353	5349
5354	5350
5355	5351
5356	5352
5357	5353
5358	5354
5359	5355
5360	5356
5361	5357
5362	5358
5363	5359
5364	5360
5365	5361
5366	5362
5367	5363
5368	5364
5369	5365
5370	5366
5371	5367
5372	5368
5373	5369
5374	5370
5375	5371
5376	5372
5377	5373
5378	5374
5379	5375
5380	5376
5381	5377
5382	5378
5383	5379
5384	5380
5385	5381
5386	5382
5387	5383
5388	5384
5389	5385
5390	5386
5391	5387
5392	5388
5393	5389
5394	5390
5395	5391
5396	5392
5397	5393
5398	5394
5399	5395
5400	5396
5401	5397
5402	5398
5403	5399
5404	5400
5405	5401
5406	5402
5407	5403
5408	5404
5409	5405
5410	5406
5411	5407
5412	5408
5413	5409
5414	5410
5415	5411
5416	5412
5417	5413
5418	5414
5419	5415
5420	5416
5421	5417
5422	5418
5423	5419
5424	5420
5425	5421
5426	5422
5427	5423
5428	5424
5429	5425
5430	5426
5431	5427
5432	5428
5433	5429
5434	5430
5435	5431
5436	5432
5437	5433
5438	5434
5439	5435
5440	5436
5441	5437
5442	5438
5443	5439
5444	5440
5445	5441
5446	5442
5447	5443
5448	5444
5449	5445
5450	5446
5451	5447
5452	5448
5453	5449
5454	5450
5455	5451
5456	5452
5457	5453
5458	5454
5459	5455
5460	5456
5461	5457
5462	5458
5463	5459
5464	5460
5465	5461
5466	5462
5467	5463
5468	5464
5469	5465
5470	5466
5471	5467
5472	5468
5473	5469
5474	5470
5475	5471
5476	5472
5477	5473
5478	5474
5479	5475
5480	5476
5481	5477
5482	5478
5483	5479
5484	5480
5485	5481
5486	5482
5487	5483
5488	5484
5489	5485
5490	5486
5491	5487
5492	5488
5493	5489
5494	5490
5495	5491
5496	5492
5497	5493
5498	5494
5499	5495
5500	5496
5501	5497
5502	5498
5503	5499
5504	5500
5505	5501
5506	5502
5507	5503
5508	5504
5509	5505
5510	5506
5511	5507
5512	5508
5513	5509
5514	5510
5515	5511
5516	5512
5517	5513
5518	5514
5519	5515
5520	5516
5521	5517
5522	5518
5523	5519
5524	5520
5525	5521
5526	5522
5527	5523
5528	5524
5529	5525
5530	5526
5531	5527
5532	5528
5533	5529
5534	5530
5535	5531
5536	5532
5537	5533
5538	5534
5539	5535
5540	5536
5541	5537
5542	5538
5543	5539
5544	5540
5545	5541
5546	5542
5547	5543
5548	5544
5549	5545
5550	5546
5551	5547
5552	5548
5553	5549
5554	5550
5555	5551
5556	5552
5557	5553
5558	5554
5559	5555
5560	5556
5561	5557
5562	5558
5563	5559
5564	5560
5565	5561
5566	5562
5567	5563
5568	5564
5569	5565
5570	5566
5571	5567
5572	5568
5573	5569
5574	5570
5575	5571
5576	5572
5577	5573
5578	5574
5579	5575
5580	5576
5581	5577
5582	5578
5583	5579
5584	5580
5585	5581
5586	5582
5587	5583
5588	5584
5589	5585
5590	5586
5591	5587
5592	5588
5593	5589
5594	5590
5595	5591
5596	5592
5597	5593
5598	5594
5599	5595
5600	5596
5601	5597
5602	5598
5603	5599
5604	5600
5605	5601
5606	5602
5607	5603
5608	5604
5609	5605
5610	5606
5611	5607
5612	5608
5613	5609
5614	5610
5615	5611
5616	5612
5617	5613
5618	5614
5619	5615
5620	5616
5621	5617
5622	5618
5623	5619
5624	5620
5625	5621
5626	5622
5627	5623
5628	5624
5629	5625
5630	5626
5631	5627
5632	5628
5633	5629
5634	5630
5635	5631
5636	5632
5637	5633
5638	5634
5639	5635
5640	5636
5641	5637
5642	5638
5643	5639
5644	5640
5645	5641
5646	5642
5647	5643
5648	5644
5649	5645
5650	5646
5651	5647
5652	5648
5653	5649
5654	5650
5655	5651
5656	5652
5657	5653
5658	5654
5659	5655
5660	5656
5661	5657
5662	5658
5663	5659
5664	5660
5665	5661
5666	5662
5667	5663
5668	5664
5669	5665
5670	5666
5671	5667
5672	5668
5673	5669
5674	5670
5675	5671
5676	5672
5677	5673
5678	5674
5679	5675
5680	5676
5681	5677
5682	5678
5683	5679
5684	5680
5685	5681
5686	5682
5687	5683
5688	5684
5689	5685
5690	5686
5691	5687
5692	5688
5693	5689
5694	5690
5695	5691
5696	5692
5697	5693
5698	5694
5699	5695
5700	5696
5701	5697
5702	5698
5703	5699
5704	5700
5705	5701
5706	5702
5707	5703
5708	5704
5709	5705
5710	5706
5711	5707
5712	5708
5713	5709
5714	5710
5715	5711
5716	5712
5717	5713
5718	5714
5719	5715
5720	5716
5721	5717
5722	5718
5723	5719
5724	5720
5725	5721
5726	5722
5727	5723
5728	5724
5729	5725
5730	5726
5731	5727
5732	5728
5733	5729
5734	5730
5735	5731
5736	5732
5737	5733
5738	5734
5739	5735
5740	5736
5741	5737
5742	5738
5743	5739
5744	5740
5745	5741
5746	5742
5747	5743
5748	5744
5749	5745
5750	5746
5751	5747
5752	5748
5753	5749
5754	5750
5755	5751
5756	5752
5757	5753
5758	5754
5759	5755
5760	5756
5761	5757
5762	5758
5763	5759
5764	5760
5765	5761
5766	5762
5767	5763
5768	5764
5769	5765
5770	5766
5771	5767
5772	5768
5773	5769
5774	5770
5775	5771
5776	5772
5777	5773
5778	5774
5779	5775
5780	5776
5781	5777
5782	5778
5783	5779
5784	5780
5785	5781
5786	5782
5787	5783
5788	5784
5789	5785
5790	5786
5791	5787
5792	5788
5793	5789
5794	5790
5795	5791
5796	5792
5797	5793
5798	5794
5799	5795
5800	5796
5801	5797
5802	5798
5803	5799
5804	5800
5805	5801
5806	5802
5807	5803
5808	5804
5809	5805
5810	5806
5811	5807
5812	5808
5813	5809
5814	5810
5815	5811
5816	5812
5817	5813
5818	5814
5819	5815
5820	5816
5821	5817
5822	5818
5823	5819
5824	5820
5825	5821
5826	5822
5827	5823
5828	5824
5829	5825
5830	5826
5831	5827
5832	5828
5833	5829
5834	5830
5835	5831
5836	5832
5837	5833
5838	5834
5839	5835
5840	5836
5841	5837
5842	5838
5843	5839
5844	5840
5845	5841
5846	5842
5847	5843
5848	5844
5849	5845
5851	5846
5852	5847
5853	5848
5854	5849
5855	5850
5856	5851
5857	5852
5858	5853
5859	5854
5860	5855
5861	5856
5862	5857
5863	5858
5864	5859
5865	5860
5866	5861
5867	5862
5868	5863
5869	5864
5870	5865
5871	5866
5872	5867
5873	5868
5874	5869
5875	5870
5876	5871
5877	5872
5878	5873
5879	5874
5880	5875
5881	5876
5882	5877
5883	5878
5884	5879
5885	5880
5886	5881
5887	5882
5888	5883
5889	5884
5890	5885
5891	5886
5892	5887
5893	5888
5894	5889
5895	5890
5896	5891
5897	5892
5898	5893
5899	5894
5900	5895
5901	5896
5902	5897
5903	5898
5904	5899
5905	5900
5906	5901
5907	5902
5908	5903
5909	5904
5910	5905
5911	5906
5912	5907
5913	5908
5914	5909
5915	5910
5916	5911
5917	5912
5918	5913
5919	5914
5920	5915
5921	5916
5922	5917
5923	5918
5924	5919
5925	5920
5926	5921
5927	5922
5928	5923
5929	5924
5930	5925
5931	5926
5932	5927
5933	5928
5934	5929
5935	5930
5936	5931
5937	5932
5938	5933
5939	5934
5940	5935
5941	5936
5942	5937
5943	5938
5944	5939
5945	5940
5946	5941
5947	5942
5948	5943
5949	5944
5950	5945
5951	5946
5952	5947
5953	5948
5954	5949
5955	5950
5956	5951
5957	5952
5958	5953
5959	5954
5960	5955
5961	5956
5962	5957
5963	5958
5964	5959
5965	5960
5966	5961
5967	5962
5968	5963
5969	5964
5970	5965
5971	5966
5972	5967
5973	5968
5974	5969
5975	5970
5976	5971
5977	5972
5978	5973
5979	5974
5980	5975
5981	5976
5982	5977
5983	5978
5984	5979
5985	5980
5986	5981
5987	5982
5988	5983
5989	5984
5990	5985
5991	5986
5992	5987
5993	5988
5994	5989
5995	5990
5996	5991
5997	5992
5998	5993
5999	5994
6000	5995
6001	5996
6002	5997
6003	5998
6004	5999
6005	6000
6006	6001
6007	6002
6008	6003
6009	6004
6010	6005
6011	6006
6012	6007
6013	6008
6014	6009
6015	6010
6016	6011
6017	6012
6018	6013
6019	6014
6020	6015
6021	6016
6022	6017
6023	6018
6024	6019
6025	6020
6026	6021
6027	6022
6028	6023
6029	6024
6030	6025
6031	6026
6032	6027
6033	6028
6034	6029
6035	6030
6036	6031
6037	6032
6038	6033
6039	6034
6040	6035
